1018959
1019436
1043241
1266183
1535233
1541812
1577042
1594156
1623716
1638334
1652369
1686265
1692275
1735881
1779922
1842819
1846346
1873761
1962503
1988015
1996183
2014113
2018106
2026113
2081148
2104012
2138826
2299519
2344857
2360428
2371032
2554127
2558999
2572285
2601925
2618929
2621228
2640795
2641332
2703289
2740232
2768273
2822304
2903997
2917777
2930625
3103809
3119327
3154996
3160561
3170319
3310328
3434578
3486975
3519022
3611827
3699991
3713230
3813783
3884955
3902469
3912996
3917422
3972472
3972956
4104523
4154182
4275075
4362730
4601682
5216908
6346605
6453038
7129258
7415617
7774305
8083695
8263351
8337695
8432725
8628223
8658218
9922944
1056121
1113498
1133221
1139030
1186237
1240299
1258069
1282248
1302449
1391181
1408093
1469171
1561488
1686092
1689948
1791543
1805037
1875711
1879542
1912810
1947991
2081754
2106109
2123983
2174595
2196753
2240562
2249443
2266806
2367157
2408774
2427408
2535087
2538839
2697768
2703336
2714224
2833684
2897046
2910270
3004580
3086074
3212536
3233028
3239413
3262042
3269608
3306863
3390312
3554582
3587000
3593327
3672854
3707771
3732101
3739175
3809753
3889095
3967265
3976121
3983607
4028266
4053836
4091983
4095748
4256491
4334113
4383707
4475709
4921428
5150328
5193577
5600820
6187322
7093319
7135128
7390867
8328877
8838009
9093997
9210521
9221927
9783279
9887336
9890726
3655623
3248920
2659769
9640133
4055710
1050975
1809715
1916266
1117299
2559537
2296326
7407032
3157406
3994098
3561920
2140063
3610134
3494778
2033178
1562298
1093743
1177160
1860323
1494102
2498847
1875013
1068505
3993793
2310449
3308331
4265987
3562883
9578631
2377207
7011503
8278680
4075719
2737106
1159908
4053388
7689953
2884672
2601519
2529026
6500128
1628610
3691107
4221029
3856956
1643780
3910672
3194757
2141250
9002207
3446674
2031422
4073815
1341865
7253183
5993008
4225073
1094669
2950754
2207418
2919220
3827352
3205761
1050345
1132854
1356553
1399863
1404738
1411536
1662160
1771270
1794770
1843546
2107404
2208591
2228148
2268253
2276801
2493190
2524687
2780647
2907951
2940712
2984158
3224401
3277313
3291029
3385520
3473830
3624598
3672300
3712305
3803759
3870624
3930512
4006710
4048810
4136226
4241194
5575344
5669389
6383713
6477085
7994085
8191384
16058
16046
16060
16048
16029
16089
16004
16078
16073
16086
16072
16088
16012
16075
16041
16080
16087
16024
16043
16006
16084
16082
16034
16016
16005
16001
16017
16026
16037
16053
16050
16039
16013
16067
16031
16036
16022
16044
16063
16038
16070
16061
16042
16055
16049
16059
16045
16010
16047
16076
16069
16066
16062
16077
16052
16064
16027
16009
16056
16068
16018
16074
16085
16071
16008
16025
16033
16028
16007
16030
16021
16083
16020
16014
16079
16051
16040
16019
16065
16081
16032
16003
16011
16057
16015
16035
16023
16054
16002
1000804
1023964
1057962
1099481
1127915
1187766
1208795
1283494
1320247
1359325
1435954
1471736
1497055
1511464
1517240
1567356
1700637
1737393
1740607
1780174
1854959
1875084
1884448
1918630
1934623
1992284
1995121
2030383
2054438
2107638
2136051
2230510
2260910
2297413
2306976
2497695
2570769
2682736
2730704
2735617
2741068
2773205
2821683
2854839
2907383
2950672
2983819
2991307
2996531
3011311
3163200
3174224
3235580
3243657
3349205
3349423
3433846
3441455
3457975
3518345
3542588
3601861
3619797
3650634
3653737
3662296
3679455
3845761
3999344
4060823
4079254
4084645
4095229
4116166
4154672
4164316
4187857
4562206
4827048
5164727
5971050
6206397
6568351
8009688
8415034
8692452
8697774
8834383
8915162
9326955
9578663
9750701
9907452
10001
10003
10004
10005
10009
10010
10012
10018
10020
10021
10022
10023
10028
10030
10038
10034
10031
10032
10035
10037
10039
10042
10044
10050
10051
10052
10053
10056
10057
10058
10059
10054
10048
10060
10047
10061
10062
10063
10064
10065
10066
10067
10068
10069
10119
10109
10110
10111
10046
10112
10107
10019
10077
10078
10079
10080
10008
10014
10089
10090
10091
10092
10045
10093
10094
10095
10096
10097
10099
10100
10101
10102
10108
10002
10011
10113
10114
10115
10006
10024
10015
10106
10116
10117
10118
10120
10026
10121
10122
10123
10082
10074
10075
10076
10103
10081
10083
10084
10085
10036
10086
10087
10025
10029
10017
10049
10070
10071
10033
10072
10073
10104
10088
10040
10124
10041
10125
10007
10126
10128
10129
10013
10043
